 0.            0.            0.
 0.40453       1.7466        1.1875
 0.40865       1.7591        2.7707
 0.41603       1.7738        4.4663
 0.42664       1.7951        6.3159
 0.44040       1.8200        8.3536
 0.45724       1.8474        10.597
 0.47705       1.8751        13.047
 0.49972       1.9012        15.684
 0.52510       1.9239        18.472
 0.55306       1.9418        21.361
 0.58341       1.9542        24.295
 0.61597       1.9606        27.214
 0.65056       1.9622        30.063
 0.68695       1.9595        32.804
 0.72494       1.9542        35.413
 0.76430       1.9470        37.876
 0.80478       1.9395        40.184
 0.84614       1.9324        42.336
 0.88814       1.9275        44.351
 0.93053       1.9237        46.268
 0.97304       1.9207        48.034
  1.0154       1.9210        49.613
  1.0574       1.9269        51.085
  1.0988       1.9371        52.496
  1.1393       1.9520        53.866
  1.1786       1.9699        55.211
  1.2166       1.9914        56.535
  1.2530       2.0147        57.842
  1.2876       2.0404        59.128
  1.3202       2.0668        60.388
  1.3505       2.0943        61.611
  1.3785       2.1210        62.787
  1.4038       2.1478        63.901
  1.4265       2.1721        64.936
  1.4463       2.1955        65.875
  1.4632       2.2149        66.700
  1.4769       2.2328        67.394
  1.4875       2.2448        67.941
  1.4949       2.2564        68.329
  1.4990       2.2556        68.548
  1.5005       2.2673        68.628
  1.5028       2.2655        68.752
  1.5070       2.2714        68.974
  1.5129       2.2789        69.297
  1.5206       2.2894        69.721
  1.5300       2.3021        70.250
  1.5410       2.3177        70.886
  1.5537       2.3355        71.631
  1.5678       2.3562        72.491
  1.5834       2.3791        73.468
  1.6004       2.4049        74.568
  1.6186       2.4328        75.795
  1.6379       2.4634        77.155
  1.6582       2.4956        78.654
  1.6794       2.5301        80.295
  1.7013       2.5655        82.083
  1.7239       2.6023        84.022
  1.7470       2.6388        86.111
  1.7705       2.6756        88.351
  1.7941       2.7101        90.736
  1.8179       2.7438        93.259
  1.8415       2.7729        95.906
  1.8650       2.8040        98.659
  1.8881       2.8277        101.75
  1.9106       2.8343        104.88
  1.9326       2.8313        107.97
  1.9538       2.8173        111.00
  1.9741       2.7960        113.91
  1.9934       2.7673        116.68
  2.0116       2.7343        119.27
  2.0286       2.6977        121.66
  2.0442       2.6601        123.85
  2.0583       2.6222        125.81
  2.0710       2.5859        127.55
  2.0820       2.5517        129.07
  2.0914       2.5211        130.36
  2.0991       2.4943        131.43
  2.1050       2.4721        132.28
  2.1092       2.4548        132.92
  2.1115       2.4425        133.35
  2.1130       2.4252        133.50
  2.1172       2.4054        133.78
  2.1247       2.3747        134.41
  2.1355       2.3364        135.39
  2.1495       2.2887        136.67
  2.1666       2.2335        138.24
  2.1868       2.1699        140.06
  2.2099       2.0995        142.09
  2.2357       2.0221        144.28
  2.2642       1.9396        146.61
  2.2950       1.8523        149.02
  2.3282       1.7624        151.50
  2.3634       1.6702        154.00
  2.4004       1.5778        156.52
  2.4391       1.4854        159.03
  2.4792       1.3947        161.53
  2.5204       1.3054        164.02
  2.5625       1.2189        166.49
  2.6052       1.1345        168.97
  2.6484       1.0531        171.46
  2.6916      0.97381        173.97
  2.7348      0.89729        176.52
  2.7775      0.82252        179.12
  2.8196      0.74999        181.77
  2.8608      0.67873        184.49
  2.9009      0.60932        187.26
  2.9396      0.54094        190.08
  2.9766      0.47446        192.91
  3.0118      0.40936        195.71
  3.0450      0.34685        198.39
  3.0758      0.28677        200.86
  3.1043      0.23062        202.95
  3.1301      0.17840        204.43
  3.1532      0.13171        204.83
  3.1734      0.90530E-01    203.29
  3.1905      0.56632E-01    197.42
  3.2045      0.30989E-01    179.72
  3.2153      0.20174E-01    135.80
  3.2228      0.24635E-01    96.895
  3.2270      0.30138E-01    85.015
  3.2304      0.35947E-01    77.019
  3.2409      0.54960E-01    66.345
  3.2595      0.91307E-01    59.950
  3.2863      0.14355        59.042
  3.3211      0.20900        61.231
  3.3637      0.28266        65.637
  3.4138      0.35805        71.339
  3.4711      0.42706        77.865
  3.5353      0.48297        84.504
  3.6059      0.52200        90.837
  3.6827      0.54435        96.399
  3.7650      0.55300        101.08
  3.8524      0.55186        104.75
  3.9445      0.54490        107.55
  4.0405      0.53497        109.51
  4.1400      0.52444        110.86
  4.2423      0.51452        111.65
  4.3469      0.50624        112.11
  4.4531      0.49976        112.29
  4.5603      0.49536        112.38
  4.6677      0.49265        112.38
  4.7749      0.49159        112.44
  4.8811      0.49162        112.53
  4.9857      0.49259        112.75
  5.0880      0.49399        113.02
  5.1875      0.49575        113.43
  5.2835      0.49745        113.86
  5.3756      0.49916        114.40
  5.4630      0.50054        114.94
  5.5453      0.50178        115.54
  5.6221      0.50262        116.09
  5.6927      0.50333        116.68
  5.7569      0.50367        117.19
  5.8142      0.50396        117.71
  5.8643      0.50396        118.12
  5.9069      0.50401        118.54
  5.9417      0.50385        118.82
  5.9685      0.50385        119.10
  5.9871      0.50366        119.23
  5.9976      0.50408        119.39
  6.0053      0.50313        119.42
  6.0278      0.50358        119.64
  6.0682      0.50300        120.01
  6.1262      0.50260        120.58
  6.2016      0.50146        121.29
  6.2937      0.50005        122.20
  6.4021      0.49767        123.25
  6.5262      0.49466        124.47
  6.6651      0.49041        125.80
  6.8180      0.48530        127.28
  6.9841      0.47884        128.82
  7.1623      0.47153        130.45
  7.3516      0.46298        132.08
  7.5508      0.45379        133.75
  7.7587      0.44365        135.38
  7.9740      0.43324        137.01
  8.1955      0.42223        138.56
  8.4219      0.41132        140.08
  8.6517      0.40013        141.49
  8.8837      0.38937        142.86
  9.1163      0.37858        144.12
  9.3483      0.36845        145.33
  9.5781      0.35843        146.42
  9.8045      0.34922        147.47
  10.026      0.34022        148.40
  10.241      0.33211        149.30
  10.449      0.32422        150.08
  10.648      0.31727        150.83
  10.838      0.31054        151.47
  11.016      0.30476        152.10
  11.182      0.29918        152.60
  11.335      0.29454        153.11
  11.474      0.29007        153.49
  11.598      0.28654        153.89
  11.706      0.28314        154.16
  11.798      0.28069        154.46
  11.874      0.27832        154.62
  11.932      0.27693        154.83
  11.972      0.27552        154.87
  11.995      0.27537        155.03
  12.010      0.27433        155.00
  12.055      0.27352        155.13
  12.136      0.27103        155.33
  12.255      0.26810        155.64
  12.412      0.26377        156.02
  12.610      0.25896        156.50
  12.851      0.25286        157.04
  13.138      0.24635        157.68
  13.476      0.23866        158.35
  13.868      0.23066        159.12
  14.321      0.22162        159.91
  14.840      0.21241        160.77
  15.435      0.20230        161.64
  16.115      0.19219        162.58
  16.892      0.18136        163.50
  17.779      0.17070        164.48
  18.795      0.15948        165.43
  19.960      0.14862        166.42
  21.301      0.13737        167.37
  22.850      0.12664        168.35
  24.648      0.11567        169.27
  26.747      0.10538        170.22
  29.211      0.94971E-01    171.09
  32.126      0.85374E-01    171.99
  35.603      0.75761E-01    172.80
  39.789      0.67061E-01    173.63
  44.883      0.58420E-01    174.36
  51.159      0.50767E-01    175.11
  58.998      0.43224E-01    175.75
  68.944      0.36717E-01    176.41
  81.797      0.30349E-01    176.95
  98.752      0.25046E-01    177.52
  121.65      0.19893E-01    177.96
  153.42      0.15812E-01    178.41
  198.80      0.11881E-01    178.74
  265.54      0.90187E-02    179.09
  365.98      0.62970E-02    179.31
  516.49      0.46318E-02    179.54
  723.71      0.30953E-02    179.64
  932.36      0.26047E-02    179.75
