211 321 -211 5
rho0(770) f_0(1500) f_0(980) K*0(892) K*0_2(1430) 
1 1 1 1 1 
2 2 2 1 1 
0.0816926371 2.134909927 84.0224613 0.4579977414 0.000299477788 
2.949036175e-07 8.435362247e-06 0.0003275220089 1.648495459e-06 1.145530785e-09 
(2.949036175e-07,0) (2.170089357e-09,2.949693582e-08) (5.630542656e-08,1.916732837e-07) (7.715004101e-08,-5.97380182e-08) (-1.810006575e-09,7.871724352e-10) (8.435362247e-06,0) (5.621528394e-07,-1.792558287e-05) (-1.821510899e-07,-6.718373023e-07) (2.446390906e-09,7.816851668e-10) (0.0003275220089,0) (1.590739647e-06,1.68374514e-06) (-4.08843857e-08,-7.777165596e-10) (1.648495459e-06,0) (-1.92124662e-10,2.397787047e-10) (1.145530785e-09,0) 
(0.0816926371,0) (1.698994903e-05,-1.513934902e-05) (-5.229114054e-05,-0.0001235107194) (0.02225447353,-0.01710393914) (-0.0004687762781,0.0002061385299) (2.134909927,0) (0.3644097808,-4.556493495) (-0.03812957411,-0.1478417848) (0.0007985605325,-1.084517671e-05) (84.0224613,0) (0.3856946023,0.4707340225) (-0.009904649593,-0.0004664982958) (0.4579977414,0) (-2.030883984e-07,2.849002423e-07) (0.000299477788,0) 
0





